# Created by Octave 7.1.0, Thu Apr 14 17:23:13 2022 GMT <unknown@DESKTOP-GC3M7F0>
# name: a
# type: matrix
# rows: 1
# columns: 10
 1 4 9 16 25 36 49 64 81 100


# name: i
# type: scalar
10


# name: v
# type: matrix
# rows: 10
# columns: 1
 2
 4
 8
 16
 32
 64
 128
 256
 512
 1024


