# Created by Octave 7.1.0, Thu Apr 14 13:01:51 2022 GMT <unknown@DESKTOP-GC3M7F0>
# name: a
# type: matrix
# rows: 3
# columns: 3
 1 2 3
 4 5 6
 7 8 9


# name: ans
# type: diagonal matrix
# rows: 5
# columns: 5
1
1
1
1
1


