# Created by Octave 7.1.0, Thu Apr 14 16:01:50 2022 GMT <unknown@DESKTOP-GC3M7F0>
# name: x
# type: matrix
# rows: 1
# columns: 99
 0 0.01 0.02 0.029999999999999999 0.040000000000000001 0.050000000000000003 0.059999999999999998 0.070000000000000007 0.080000000000000002 0.089999999999999997 0.10000000000000001 0.11 0.12 0.13 0.14000000000000001 0.14999999999999999 0.16 0.17000000000000001 0.17999999999999999 0.19 0.20000000000000001 0.20999999999999999 0.22 0.23000000000000001 0.23999999999999999 0.25 0.26000000000000001 0.27000000000000002 0.28000000000000003 0.28999999999999998 0.29999999999999999 0.31 0.32000000000000001 0.33000000000000002 0.34000000000000002 0.35000000000000003 0.35999999999999999 0.37 0.38 0.39000000000000001 0.40000000000000002 0.41000000000000003 0.41999999999999998 0.42999999999999999 0.44 0.45000000000000001 0.46000000000000002 0.47000000000000003 0.47999999999999998 0.48999999999999999 0.5 0.51000000000000001 0.52000000000000002 0.53000000000000003 0.54000000000000004 0.55000000000000004 0.56000000000000005 0.57000000000000006 0.57999999999999996 0.58999999999999997 0.59999999999999998 0.60999999999999999 0.62 0.63 0.64000000000000001 0.65000000000000002 0.66000000000000003 0.67000000000000004 0.68000000000000005 0.69000000000000006 0.70000000000000007 0.70999999999999996 0.71999999999999997 0.72999999999999998 0.73999999999999999 0.75 0.76000000000000001 0.77000000000000002 0.78000000000000003 0.79000000000000004 0.80000000000000004 0.81000000000000005 0.82000000000000006 0.83000000000000007 0.83999999999999997 0.84999999999999998 0.85999999999999999 0.87 0.88 0.89000000000000001 0.90000000000000002 0.91000000000000003 0.92000000000000004 0.93000000000000005 0.94000000000000006 0.95000000000000007 0.95999999999999996 0.96999999999999997 0.97999999999999998


# name: y
# type: matrix
# rows: 1
# columns: 99
 0 0.24868988716485479 0.48175367410171532 0.68454710592868862 0.84432792550201508 0.95105651629515353 0.99802672842827156 0.98228725072868861 0.90482705246601947 0.77051324277578925 0.58778525229247325 0.36812455268467814 0.12533323356430454 -0.12533323356430429 -0.36812455268467831 -0.58778525229247303 -0.77051324277578936 -0.9048270524660198 -0.98228725072868872 -0.99802672842827156 -0.95105651629515364 -0.84432792550201552 -0.68454710592868895 -0.48175367410171532 -0.24868988716485535 -2.4492127076447545e-16 0.24868988716485488 0.48175367410171566 0.68454710592868928 0.84432792550201474 0.95105651629515353 0.99802672842827156 0.98228725072868861 0.90482705246601924 0.77051324277578859 0.58778525229247336 0.36812455268467797 0.1253332335643039 -0.12533323356430318 -0.36812455268467725 -0.5877852522924728 -0.77051324277578925 -0.90482705246601891 -0.9822872507286885 -0.99802672842827156 -0.95105651629515375 -0.84432792550201508 -0.6845471059286885 -0.48175367410171632 -0.2486898871648556 -4.898425415289509e-16 0.24868988716485466 0.48175367410171543 0.68454710592868906 0.84432792550201552 0.95105651629515398 0.99802672842827167 0.98228725072868861 0.90482705246602002 0.77051324277578981 0.58778525229247358 0.3681245526846782 0.12533323356430415 -0.12533323356430293 -0.3681245526846787 -0.58778525229247258 -0.77051324277579014 -0.90482705246601958 -0.98228725072868905 -0.99802672842827156 -0.95105651629515375 -0.84432792550201619 -0.68454710592868862 -0.48175367410171654 -0.2486898871648541 -7.3476381229342635e-16 0.24868988716485269 0.48175367410171521 0.68454710592868762 0.84432792550201541 0.95105651629515331 0.99802672842827167 0.98228725072868872 0.90482705246601869 0.77051324277579114 0.5877852522924738 0.36812455268468008 0.1253332335643044 -0.12533323356430268 -0.36812455268467847 -0.58778525229247247 -0.77051324277579003 -0.90482705246601947 -0.98228725072868905 -0.99802672842827156 -0.95105651629515386 -0.8443279255020163 -0.68454710592868884 -0.48175367410171677


